METRYKI MODELU RANDOM FOREST
============================================================

Accuracy:           0.0450 (4.50%)
F1-Score (macro):    0.0447
F1-Score (weighted): 0.0453
Precision (macro):   0.0467
Precision (weighted): 0.0469
Recall (macro):      0.0441
Recall (weighted):   0.0450

============================================================
CLASSIFICATION REPORT
============================================================

              precision    recall  f1-score   support

    30200000       0.09      0.09      0.09        11
    45200000       0.00      0.00      0.00        14
    48000000       0.00      0.00      0.00        13
    50000000       0.08      0.07      0.07        15
    60000000       0.00      0.00      0.00        11
    70000000       0.00      0.00      0.00        14
    71000000       0.00      0.00      0.00        10
    72000000       0.00      0.00      0.00        15
    73000000       0.10      0.12      0.11        16
    75000000       0.11      0.12      0.12        16
    77200000       0.00      0.00      0.00        13
    79000000       0.12      0.09      0.11        11
    80000000       0.00      0.00      0.00        16
    80320000       0.11      0.07      0.09        14
    85000000       0.09      0.09      0.09        11

    accuracy                           0.04       200
   macro avg       0.05      0.04      0.04       200
weighted avg       0.05      0.04      0.05       200
